image: /home/wyh/Documents/2020-06-29-map/occupancy_grid.pgm
resolution: 0.050000
origin: [-3.800000, -9.176373, 0.000000]
negate: 0
occupied_thresh: 0.65
free_thresh: 0.196

